|                ra|                dec|
|            double|             double|
|                  |                   |
|              null|               null|
 2.8446528888888887  -3.162244888888889 
           3.471031            3.389028 
           3.895387           17.590239 
           4.030117           21.979837 
           9.355856           27.209589 
            10.3451  3.3677255555555554 
          10.661473           12.513245 
 12.819094555555555  -5.676056111111111 
          14.634073           17.801178 
          24.873195            9.010906 
            28.8779            9.011723 
          29.150439           22.869123 
          33.227775            6.862581 
          43.257887           -1.669906 
          52.895373            5.412787 
          67.961184            8.270728 
          70.986948           11.760406 
          99.705237           82.851228 
         116.906139  37.359555666666665 
         120.460128             24.6009 
 125.43119455555556   58.30877266666667 
 125.56641155555556   37.76629811111111 
         127.436362           61.493006 
         128.828042           62.064314 
 131.02600555555557  57.955180666666664 
          132.82205           62.976712 
         139.692639           62.496967 
         143.290956           15.143325 
         144.088334           37.828853 
          144.86945           22.661587 
         145.503717           16.932306 
           145.7808           31.199828 
  147.5580891111111  49.646494777777775 
         150.888964           22.150459 
          150.91472           16.750331 
  152.4868028888889  14.754122222222223 
          153.86302           25.662203 
         154.747192           21.236992 
 154.86706433333333           15.054248 
         155.519045            24.44112 
  155.8865951111111  16.840516666666666 
         157.614331           22.738103 
         160.201848           21.891209 
  160.8099641111111   17.18133077777778 
         162.898862           15.227423 
         163.909689           14.927428 
         166.962556           35.037362 
 166.97446944444445  18.836030666666666 
 168.69735066666667   8.294953666666666 
 170.05943377777777   7.948222666666667 
  171.1067808888889  2.1182703333333333 
         172.824937           10.223714 
         172.895448            4.264323 
  173.0604646666667   2.572336111111111 
         173.105667              5.3825 
         177.382078           16.121484 
         178.382875           63.066495 
         179.092006           67.076764 
 184.45348933333332   67.67825066666667 
         185.816642           16.470814 
         187.406573           61.299989 
         187.620025           20.716934 
 187.98058344444445 -2.1035174444444444 
         188.288617           43.235292 
         189.349539            5.441498 
  189.4729311111111           12.932198 
 189.58441444444446   42.76332522222222 
         190.546103           16.148625 
         193.443425           27.352428 
         193.497128           62.283673 
         197.068714           18.780217 
         202.655623           15.072139 
         202.725725            2.502159 
         203.007289           12.172034 
         206.373153           27.736737 
 208.75578977777778            8.170095 
         208.776275           11.196214 
         212.658481           26.009295 
 212.93612566666664   26.82265588888889 
         212.988631           12.563828 
 215.70618355555555   44.35545922222222 
         216.346342           32.898712 
          221.50382           32.212617 
          222.44815           62.578462 
         226.116437           62.390059 
         228.030978           51.110023 
 230.63308122222224  24.681436555555553 
         232.422612           22.971723 
         234.630975           43.034712 
         235.269937            9.015137 
         237.229462           62.414553 
         242.438298           38.580195 
         242.505006           61.519787 
         246.001339           61.350075 
         248.608259           34.073459 
         260.145242            44.00315 
         261.435853           73.902706 
         277.742217           40.900045 
         283.374209            77.91682 
