|                ra|               dec|
|            double|            double|
|                  |                  |
|              null|              null|
          2.8450077        -3.16186647 
         3.47121035         3.38886984 
         3.89475485        17.59053852 
         9.35540047        27.20972713 
        10.66071088        12.51321091 
        12.81954588        -5.67565018 
         43.2579154        -1.66988811 
        52.89479371         5.41285031 
       120.45992144        24.60075151 
       125.43107958        58.30898142 
       125.56580709        37.76652299 
       127.43763444        61.49290514 
       131.02465654        57.95522181 
       132.82283403        62.97728054 
       144.08779159        37.82830012 
       144.86870866        22.66160731 
       152.48658336         14.7539322 
       153.86294844        25.66198431 
       154.74719094        21.23679222 
       162.89890039        15.22721469 
  168.6967992405432  8.295565489787709 
        172.8255489        10.22351794 
       173.06048828         2.57210694 
        177.3818008        16.12175299 
       179.09119229        67.07624754 
       187.40599064        61.29975666 
       187.62053676        20.71692006 
       189.34915847         5.44200949 
       189.58442197        42.76348818 
       197.06901328        18.78016062 
       212.93555452        26.82200312 
       215.70674339        44.35492903 
       226.11526781        62.39003249 
       232.42297814        22.97107472 
       242.43832051        38.58037693 
       260.14578215        44.00302509 
 277.74218931677063 40.899972679055146 
